r densidade media
0 0 4.725
0.015873 0.00138889 7.06111
0.031746 0.00833333 10.8014
0.047619 0.0138889 12.5389
0.0634921 0.0152778 13.6625
0.0793651 0.0222222 15.3778
0.0952381 0.0347222 16.2903
0.111111 0.0375 17.7528
0.126984 0.0569444 19.6944
0.142857 0.05 20.6097
0.15873 0.0611111 21.2014
0.174603 0.0611111 21.4181
0.190476 0.0722222 22.3486
0.206349 0.0763889 22.6681
0.222222 0.0597222 21.7306
0.238095 0.0597222 20.6903
0.253968 0.0486111 16.7208
0.269841 0.0458333 17.1694
0.285714 0.025 15.7319
0.301587 0.025 13.1806
0.31746 0.0263889 13.6444
0.333333 0.0111111 13.0569
0.349206 0.0166667 12.7806
0.365079 0.0263889 13.55
0.380952 0.0152778 12.7583
0.396825 0.0222222 13.4778
0.412698 0.0138889 14.3986
0.428571 0.025 13.7903
0.444444 0.0291667 13.2556
0.460317 0.0333333 14.5819
0.47619 0.0291667 13.9736
0.492063 0.0194444 15.8333
0.507937 0.0402778 16.8639
0.52381 0.0541667 18.6639
0.539683 0.0611111 18.9917
0.555556 0.0722222 21.3306
0.571429 0.0722222 21.9542
0.587302 0.0791667 24.5681
0.603175 0.0819444 24.6056
0.619048 0.0722222 23.7083
0.634921 0.0819444 23.4389
0.650794 0.0888889 24.8667
0.666667 0.0944444 25.1153
0.68254 0.0944444 24.5986
0.698413 0.102778 26.4972
0.714286 0.111111 27.5806
0.730159 0.1125 28.0597
0.746032 0.106944 28.6944
0.761905 0.123611 30.2986
0.777778 0.140278 31.4236
0.793651 0.134722 32.0069
0.809524 0.140278 34.4931
0.825397 0.134722 32.975
0.84127 0.1375 33.7069
0.857143 0.156944 35.5389
0.873016 0.140278 32.6778
0.888889 0.147222 33.4625
0.904762 0.151389 35.5278
0.920635 0.156944 35.6125
0.936508 0.138889 31.9569
0.952381 0.1375 30.725
0.968254 0.134722 31.2069
0.984127 0.127778 29.6792
1 0.126389 30.4861
