r densidade media
0 0 8.82083
0.015873 0.00138889 9.57361
0.031746 0.00138889 10.6042
0.047619 0.00694444 10.7278
0.0634921 0.00555556 11.6056
0.0793651 0.0111111 12.4931
0.0952381 0.0152778 13.4667
0.111111 0.0222222 14.5597
0.126984 0.0263889 15.6444
0.142857 0.0277778 16.5
0.15873 0.0305556 17.3833
0.174603 0.0444444 20.1222
0.190476 0.0444444 20.3944
0.206349 0.0402778 19.4889
0.222222 0.05 21.3778
0.238095 0.0597222 20.7194
0.253968 0.0625 20.6597
0.269841 0.0583333 22.0444
0.285714 0.0527778 20.1792
0.301587 0.05 19.1319
0.31746 0.0361111 17.4556
0.333333 0.0291667 17.1972
0.349206 0.0388889 18.1653
0.365079 0.0402778 18.6597
0.380952 0.0375 18.5778
0.396825 0.0361111 18.0431
0.412698 0.0375 18.3458
0.428571 0.0416667 17.9139
0.444444 0.0416667 19.7056
0.460317 0.0472222 20.5306
0.47619 0.0569444 21.3181
0.492063 0.0527778 21.2653
0.507937 0.0569444 22.4639
0.52381 0.0597222 24.4014
0.539683 0.0625 24.3264
0.555556 0.075 25.3125
0.571429 0.0736111 26.4347
0.587302 0.0736111 26.0208
0.603175 0.0833333 27.1764
0.619048 0.0888889 28.2431
0.634921 0.0902778 27.7375
0.650794 0.105556 29.7417
0.666667 0.0861111 29.2639
0.68254 0.0916667 27.9681
0.698413 0.0958333 27.6
0.714286 0.0861111 27.2236
0.730159 0.0875 26.9653
0.746032 0.0819444 27.0556
0.761905 0.0805556 27.3736
0.777778 0.0791667 25.9514
0.793651 0.0777778 24.5792
0.809524 0.0791667 24.6014
0.825397 0.0736111 25.4556
0.84127 0.0763889 23.8694
0.857143 0.0763889 23.5389
0.873016 0.0736111 22.4236
0.888889 0.0694444 21.6986
0.904762 0.0708333 21.7917
0.920635 0.0708333 21.2819
0.936508 0.0666667 20.9042
0.952381 0.0527778 18.2806
0.968254 0.0444444 15.5681
0.984127 0.0416667 14.2083
1 0.0430556 14.9014
